1330970706
-239484300
-627745694
-1579851802
671486704
59264019
-865263370
1833632634
1103936814
-941655215
-1229209125
801824524
697769886
-1886949481
1559355899
669872498
-2042581059
-1138360546
1117852777
595023723
-1899948729
243035060
148499420
-1724377083
1574635719
-331014209
488050010
-1411460289
1925318509
-1514031230
1975138867
-2028423442
776400931
-45491554
-1627683536
-282632732
-58139167
-382752292
-1401280756
-1386513074
1294521152
844547369
1923196451
-1815968675
-2066478259
-332976671
1594705257
-702803417
-874380384
223709520
993980061
1209427408
1946194860
-1332836492
1755188157
-283169564
-1548114601
-1062505976
-1157233732
587748359
-549231924
1509042109
-143438222
-90784304
-876286576
-918353974
1373197267
-502594576
1783034579
1597739431
-1357215133
1209181850
-752307960
-528696044
1103071465
999443999
-681098569
296767072
-1734279326
2023752407
-1819393391
366521063
-511456456
-1223786681
-33153851
875229659
-437937485
1868103808
1894097297
1214995783
-919874641
-1110361915
-1817072357
163589969
1682813327
1978091632
1691285632
1752149951
254660209
-495066859
